L = 20; % m
sigma_a = 200E6; %Pa
D_a = 0.025; % m
rho = 7800; %kg/m^3
E = 200E9; % Pa
G = 75E9; % Pa
P = 100E3; % N
q  = 25E3; % N/m
